57	389	1	1
57	856	2	1
57	101	1	1
314	238	3	3
314	568	4	3
324	469	5	1
324	149	1	1
324	773	1	1
324	490	6	1
324	236	7	1
324	366	6	1
324	624	1	1
324	409	1	1
324	845	2	1
324	554	1	1
324	210	8	1
324	485	7	1
324	687	1	1
324	628	1	1
324	833	6	1
324	224	9	1
324	51	10	1
391	710	11	1
391	181	11	1
391	825	11	1
391	755	12	1
391	415	12	1
391	182	13	1
391	438	12	1
391	193	12	1
391	318	14	1
391	548	12	1
391	926	12	1
391	296	12	1
391	489	12	1
391	110	12	1
391	261	12	1
391	197	12	1
391	766	12	1
391	805	12	1
391	409	1	1
391	279	15	1
391	614	9	1
391	139	16	1
391	649	16	1
391	604	17	1
391	708	17	1
391	173	17	1
391	121	18	1
391	411	19	1
391	564	17	1
391	592	20	1
391	378	14	1
391	44	21	1
391	593	14	1
391	953	21	1
391	524	14	1
391	745	19	1
391	238	3	1
391	597	1	1
391	759	22	1
471	262	23	1
471	681	5	1
471	118	24	2
471	534	1	2
471	742	1	1
471	599	5	2
471	707	3	1
471	860	3	1
471	756	12	2
471	887	1	1
471	403	1	1
594	230	16	10
594	728	25	1
594	394	1	2
594	448	26	2
594	96	18	1
594	579	1	1
594	99	3	1
594	9	5	1
594	132	16	1
594	84	5	1
594	127	1	1
594	673	1	1
594	599	5	4
594	345	1	1
594	51	10	1
594	580	24	1
594	46	27	1
594	289	28	1
594	711	13	1
594	412	21	1
594	174	1	1
594	812	24	1
594	566	29	1
594	623	30	1
640	628	1	1
640	490	6	1
640	352	7	1
640	409	1	1
640	476	31	1
646	884	32	1
646	367	1	5
646	32	20	2
710	738	23	1
710	400	23	1
710	544	9	1
710	750	33	1
710	589	24	1
710	958	21	1
710	502	21	1
710	75	21	1
710	597	1	1
710	759	22	1
710	238	3	1
710	145	3	1
714	953	21	1
714	658	16	1
865	238	3	1
865	469	5	1
118	944	33	1
118	856	2	1
140	742	1	60
140	127	1	2
140	497	35	1
140	456	1	5
140	956	36	1
140	277	34	1
140	379	34	2
140	308	34	1
140	301	34	1
140	913	1	1
140	122	3	1
140	235	4	1
140	688	3	1
140	115	24	1
140	663	37	6
140	457	25	1
140	363	12	1
140	694	12	1
140	955	12	1
140	207	12	1
140	255	12	3
140	863	35	6
140	727	38	1
140	649	16	2
140	671	39	3
140	916	1	2
140	248	12	1
140	623	30	1
140	728	25	1
140	809	26	1
140	735	26	1
140	227	16	2
140	939	26	1
140	790	12	1
140	441	12	1
140	477	12	1
140	507	12	1
140	509	12	1
140	601	12	1
140	229	12	1
140	278	12	1
140	806	12	1
140	225	12	1
140	908	16	1
140	268	1	2
140	718	1	2
140	209	40	1
140	798	2	1
140	239	2	1
140	138	41	1
140	702	16	3
140	386	16	2
140	582	33	3
140	325	42	1
140	62	29	1
140	161	24	1
140	170	1	1
140	267	25	1
140	362	16	1
140	717	16	1
140	723	16	1
140	616	26	1
140	800	9	1
140	610	24	1
140	459	3	1
140	29	11	1
140	724	16	1
140	585	16	1
140	322	34	1
140	597	1	1
140	469	5	1
140	761	34	1
140	543	16	1
140	99	3	1
140	351	5	1
140	350	5	1
140	488	43	1
140	83	44	1
140	355	24	4
140	777	45	1
140	169	46	1
140	220	9	1
140	534	1	1
140	448	26	1
140	586	1	1
140	321	16	1
140	96	18	1
140	570	3	1
140	948	3	2
140	370	3	2
140	176	3	1
140	710	11	1
140	662	41	1
140	825	11	1
140	280	15	2
140	123	15	1
140	482	34	2
140	373	47	1
140	394	1	1
140	92	48	1
140	673	1	1
140	599	5	2
140	346	16	2
140	895	49	1
140	418	50	1
140	238	3	1
140	592	20	1
140	48	34	1
140	479	34	4
140	426	34	1
140	150	3	1
140	530	16	1
140	774	46	2
140	590	16	1
140	867	11	2
140	421	3	1
140	707	3	1
140	868	16	1
140	49	1	2
140	299	46	1
140	137	34	1
140	669	34	1
140	491	2	1
140	584	46	1
140	97	11	1
140	88	39	1
140	470	39	1
380	403	1	1
380	38	51	1
380	572	51	1
380	469	5	1
380	599	5	1
380	118	24	1
380	104	11	1
382	457	25	1
382	10	24	1
382	51	10	1
382	759	22	1
382	768	3	1
382	145	3	1
382	207	12	1
382	469	5	1
382	856	2	1
382	854	9	1
130	592	20	1
130	64	27	1
130	643	46	1
264	790	12	10
264	469	5	9
264	716	16	3
264	869	5	1
264	516	3	63
264	303	39	1
264	98	46	2
264	756	12	1
264	53	18	1
264	658	16	1
264	637	46	1
264	619	3	1
264	685	34	1
264	394	1	1
264	747	11	1
53	658	16	1
53	277	34	1
53	196	46	1
53	32	20	1
53	756	12	2
53	121	18	1
53	613	5	1
53	469	5	1
779	398	1	2
779	160	1	1
779	288	52	1
779	588	7	1
782	227	16	4
782	497	35	2
782	585	16	1
782	508	9	3
782	792	9	1
782	448	26	1
782	863	35	1
782	24	9	1
782	619	3	1
782	685	34	3
782	239	2	1
782	104	11	1
782	124	53	1
782	203	54	1
782	660	55	1
782	345	1	1
782	599	5	1
782	49	1	1
782	707	3	1
782	957	1	1
782	479	34	2
782	703	56	1
782	412	21	1
782	11	11	1
782	867	11	3
782	252	41	1
782	397	53	1
782	731	38	1
782	727	38	1
782	226	1	1
793	874	46	1
793	199	29	1
793	152	41	1
795	65	33	1
795	400	23	1
799	238	3	2
799	597	1	1
801	238	3	1
801	51	10	1
803	36	23	3
803	378	14	1
803	209	40	1
803	221	10	1
810	380	29	1
810	780	57	2
810	145	3	1
810	32	20	1
813	238	3	1
813	856	2	1
818	184	27	1
818	46	27	1
820	326	27	1
820	240	11	1
821	51	10	1
821	742	1	1
821	443	33	1
829	502	21	1
829	953	21	1
829	846	23	1
830	46	27	18
830	238	3	3
830	822	16	46
830	384	27	4
830	785	2	7
830	289	28	8
830	64	27	62
830	458	27	7
830	469	5	7
830	239	2	1
830	479	34	10
830	376	29	1
830	881	3	1
830	455	27	5
830	685	34	1
830	488	43	1
830	767	58	1
830	650	29	1
830	739	3	1
830	911	59	13
830	756	12	5
830	460	4	2
830	416	60	2
830	118	24	1
830	51	10	1
830	50	24	1
830	695	24	1
830	442	61	2
830	40	16	1
830	901	59	4
830	339	46	1
830	5	21	2
830	821	16	1
830	171	16	1
830	32	20	2
830	704	12	1
830	133	25	1
830	520	12	1
830	486	12	2
830	758	12	1
830	923	12	1
830	592	20	2
830	496	12	1
830	422	5	1
830	953	21	1
830	457	25	2
830	546	62	1
830	818	59	1
830	396	27	1
830	184	27	1
830	658	16	1
830	555	12	1
830	509	12	1
830	507	12	1
830	505	12	1
830	477	12	1
830	904	63	1
273	723	16	1
273	394	1	5
273	592	20	3
273	756	12	7
273	227	16	3
273	526	41	1
273	744	46	1
273	717	16	1
273	718	1	1
273	479	34	1
273	469	5	1
273	693	23	1
285	949	64	1
285	798	2	1
287	798	2	1
287	337	13	1
287	479	34	1
289	856	2	3
289	32	20	1
289	526	41	1
296	812	24	1
296	952	38	1
296	174	1	1
296	118	24	1
296	397	53	1
296	623	30	1
296	443	33	1
296	742	1	1
302	238	3	1
302	64	27	1
303	798	2	1
303	815	1	1
306	521	46	1
306	104	11	1
308	479	34	1
308	928	34	1
316	742	1	192
316	456	1	3
316	957	1	3
316	723	16	3
316	855	46	1
316	865	31	1
316	108	39	1
316	585	16	1
316	479	34	4
316	127	1	1
316	718	1	3
316	432	4	1
316	227	16	6
316	401	1	2
316	735	26	2
316	801	65	1
316	469	5	3
316	362	16	3
316	871	33	1
316	379	34	1
316	953	21	1
316	582	33	1
316	786	33	1
316	394	1	2
316	700	12	1
316	363	12	1
316	448	26	1
316	724	16	1
316	744	46	2
316	470	39	1
316	526	41	1
316	412	21	1
316	717	16	1
321	238	3	1
321	803	29	1
332	798	2	1
332	337	13	1
332	756	12	1
339	928	34	1
339	944	33	1
339	262	23	1
339	397	53	9
339	139	16	2
339	867	11	6
339	152	41	3
339	51	10	1
339	940	31	3
339	479	34	3
339	702	16	1
339	40	16	1
339	154	18	1
339	487	66	1
339	460	4	1
339	216	16	1
339	442	61	1
339	652	1	2
339	810	1	4
339	32	20	4
339	292	30	2
339	685	34	1
339	744	46	1
339	856	2	2
339	118	24	1
339	64	27	1
339	911	59	1
339	105	67	1
339	234	46	1
339	830	1	1
339	645	7	2
339	145	3	1
339	584	46	1
339	765	66	1
342	750	33	1
342	262	23	1
342	221	10	2
342	629	68	1
514	114	23	1
514	559	23	1
514	712	23	1
634	695	24	2
634	837	23	1
132	115	24	1
132	176	3	1
132	140	1	1
132	895	49	1
132	558	16	1
132	666	32	1
132	83	44	1
132	265	5	1
132	111	34	1
242	47	12	1
242	758	12	1
242	363	12	1
242	769	12	1
242	736	12	1
242	748	69	1
242	709	12	1
242	344	12	1
242	496	12	1
242	486	12	1
242	56	12	1
242	2	12	1
242	960	12	1
242	198	12	1
242	732	12	1
242	726	12	1
242	15	12	1
242	677	12	1
242	465	12	1
242	514	5	1
242	358	12	1
242	923	12	1
242	694	12	1
242	700	12	1
242	207	12	1
242	575	69	1
242	686	25	1
242	266	12	1
242	634	12	1
242	505	12	1
242	555	12	1
256	417	57	4
256	32	20	1
476	64	27	1
476	847	23	1
476	815	1	1
650	726	12	1
650	469	5	2
650	572	51	1
650	884	32	1
650	198	12	1
14	855	46	2
14	345	1	1
14	673	1	1
147	327	1	1
147	775	70	1
147	262	23	1
527	685	34	3
527	479	34	3
567	238	3	1
567	51	10	1
617	388	5	1
617	599	5	1
642	786	33	1
642	747	11	1
736	882	39	2
736	51	10	1
736	421	3	1
736	479	34	1
843	716	16	1
843	851	16	1
39	616	26	1
39	227	16	1
39	723	16	1
39	394	1	1
39	346	16	1
39	742	1	1
39	812	24	1
39	599	5	1
39	482	34	1
39	70	48	1
40	221	10	1
40	673	1	1
40	287	1	1
40	358	12	1
40	496	12	1
40	240	11	1
40	297	71	1
40	695	24	1
40	580	24	1
40	884	32	1
40	599	5	1
83	177	72	1
83	303	39	1
83	514	5	1
83	732	12	1
83	469	5	1
137	586	1	1
137	899	73	1
137	437	46	1
137	521	46	1
137	848	29	1
137	287	1	1
142	605	1	1
142	856	2	1
142	810	1	1
142	32	20	2
276	479	34	1
276	685	34	1
360	469	5	2
360	480	1	11
360	381	57	1
360	843	25	2
360	300	38	1
363	815	1	1
363	772	15	1
363	539	14	1
495	170	1	1
495	456	1	1
495	401	1	1
613	945	24	1
613	617	9	1
621	867	11	1
621	272	41	1
621	359	11	1
621	710	11	1
623	636	45	1
623	527	45	1
629	262	23	1
629	272	41	1
629	181	11	1
694	27	46	1
694	953	21	1
11	447	66	1
11	400	23	2
11	268	1	1
11	403	1	1
11	555	12	1
11	469	5	1
11	479	34	1
51	379	34	1
51	51	10	1
51	566	29	1
51	162	1	2
51	593	14	1
51	176	3	1
77	571	1	17
77	591	1	14
77	32	20	1
77	953	21	1
77	899	73	1
77	378	14	1
77	100	1	6
78	526	41	1
78	950	75	1
78	904	63	1
78	815	1	1
81	815	1	2
81	529	24	1
81	164	24	1
101	756	12	1
101	52	33	1
105	56	12	1
105	469	5	1
131	953	21	2
131	766	12	1
131	526	41	1
131	756	12	1
131	592	20	1
145	337	13	7
145	102	40	2
166	695	24	1
166	795	32	1
166	580	24	1
169	562	1	1
169	805	12	1
197	554	1	2
197	268	1	1
197	953	21	1
197	227	16	1
202	784	23	1
202	400	23	1
202	823	23	1
206	412	21	1
206	382	51	1
228	479	34	1
228	222	24	1
228	403	1	1
228	842	1	1
279	469	5	1
279	238	3	1
279	145	3	1
279	759	22	1
279	756	12	1
279	118	24	1
279	837	23	1
310	584	46	7
310	703	56	2
310	883	5	2
310	237	12	1
310	201	1	1
310	551	12	1
310	499	15	1
310	27	46	1
310	787	29	18
310	328	32	2
310	600	76	1
310	287	1	2
310	562	1	1
310	175	1	6
310	583	1	1
310	180	1	13
310	374	1	24
310	643	46	1
310	78	37	1
310	700	12	1
310	233	12	1
310	884	32	1
310	469	5	5
310	453	29	1
310	12	12	1
310	354	14	1
310	635	1	2
310	912	1	1
310	819	46	1
310	555	12	1
310	828	23	1
310	662	41	1
310	932	77	1
310	364	76	1
310	664	46	1
310	526	41	1
310	313	1	1
310	153	78	1
310	378	14	3
310	659	32	3
310	521	46	1
310	412	21	11
310	686	25	1
310	758	12	1
310	55	26	3
310	292	30	1
310	790	12	1
310	403	1	4
310	950	75	1
310	241	16	1
310	604	17	1
310	37	50	1
310	506	4	2
310	515	1	1
310	683	4	1
310	961	13	1
350	679	79	1
350	666	32	1
350	334	43	1
350	751	1	1
350	246	29	1
350	853	21	1
350	299	46	1
350	60	16	1
350	702	16	1
350	353	34	1
350	374	1	1
350	175	1	1
350	703	56	1
350	819	46	1
350	891	1	1
350	618	53	1
350	642	11	1
350	662	41	1
350	599	5	1
350	399	5	1
350	9	5	1
350	345	1	1
350	673	1	1
350	84	5	1
350	348	33	1
350	304	33	1
350	111	34	1
350	850	57	1
415	469	5	1
415	685	34	6
415	479	34	7
415	150	3	1
432	798	2	2
432	783	53	1
432	87	41	2
432	252	41	1
458	658	16	2
458	823	23	1
458	12	12	1
458	756	12	1
458	469	5	2
465	46	27	1
465	32	20	1
487	724	16	6
487	717	16	14
487	735	26	2
487	863	35	1
487	159	16	12
487	227	16	7
487	718	1	3
487	673	1	2
487	287	1	1
487	470	39	1
487	723	16	3
487	479	34	5
487	139	16	2
487	940	31	1
487	267	25	2
487	487	66	1
487	154	18	1
487	211	46	1
487	13	72	1
487	946	3	1
487	948	3	1
487	688	3	1
487	370	3	1
487	176	3	1
487	40	16	1
487	355	24	1
487	534	1	1
487	744	46	4
487	62	29	1
487	900	12	2
487	729	80	1
487	526	41	1
487	908	16	1
487	745	19	1
487	238	3	1
487	469	5	2
498	897	29	1
498	204	3	3
844	292	30	1
844	953	21	1
844	637	46	1
31	570	3	3
31	872	3	1
31	234	46	1
31	621	3	1
32	145	3	1
32	810	1	1
32	654	12	1
32	817	22	1
32	843	25	1
32	483	57	1
32	662	41	1
32	805	12	1
42	242	15	3
42	300	38	1
42	801	65	1
164	706	46	1
164	871	33	1
164	906	16	1
164	801	65	1
164	469	5	2
164	67	59	1
164	192	12	1
164	695	24	1
164	300	38	1
164	658	16	1
164	32	20	1
164	437	46	3
164	756	12	1
220	479	34	1
220	216	16	1
222	94	5	1
222	869	5	1
240	888	39	2
240	597	1	2
240	238	3	1
240	909	12	1
240	469	5	1
241	623	30	1
241	869	5	1
475	329	63	12
475	32	20	1
475	914	16	3
170	519	1	3
170	412	21	1
175	84	5	1
175	482	34	1
175	904	63	1
175	805	12	1
180	51	10	1
180	871	33	1
180	957	1	2
184	253	3	1
184	90	9	1
189	488	43	1
189	469	5	1
192	521	46	1
192	944	33	1
192	689	23	1
194	910	47	1
194	469	5	2
196	387	23	1
196	69	23	1
199	238	3	1
199	469	5	1
199	623	30	1
200	238	3	1
200	338	26	1
201	85	1	1
201	134	12	3
201	225	12	1
201	759	22	1
203	395	23	1
203	875	15	1
203	699	15	1
203	400	23	1
203	785	2	1
203	526	41	1
216	402	41	1
216	791	26	1
687	658	16	3
687	469	5	4
687	82	8	1
687	854	9	2
687	79	33	1
687	851	16	2
687	848	29	1
687	526	41	2
687	856	2	1
687	810	1	2
385	609	25	1
385	413	23	1
385	703	56	1
536	238	3	1
536	40	16	1
825	592	20	1
825	469	5	1
825	238	3	1
825	300	38	1
825	525	39	1
384	133	25	1
384	555	12	1
384	469	5	1
384	658	16	1
384	911	59	1
384	739	3	1
805	631	3	4
805	920	33	1
805	204	3	9
805	812	24	1
138	479	34	1
138	411	19	1
138	592	20	1
556	469	5	4
556	906	16	1
556	756	12	2
556	32	20	1
556	133	25	2
556	683	4	2
556	216	16	1
556	709	12	1
556	961	13	1
556	801	65	1
556	55	26	1
556	748	69	1
556	192	12	1
556	505	12	1
556	477	12	2
556	555	12	2
556	281	12	1
556	520	12	1
556	486	12	1
556	422	5	2
556	64	27	1
556	455	27	1
556	818	59	1
556	911	59	1
556	428	15	1
556	442	61	1
556	238	3	2
556	457	25	1
556	732	12	1
556	507	12	1
556	806	12	1
556	736	12	1
556	758	12	1
556	713	12	1
556	790	12	1
556	674	12	1
556	460	4	1
686	632	23	1
686	181	11	1
41	482	34	1
41	685	34	3
41	479	34	3
41	662	41	1
41	867	11	1
112	64	27	1
112	378	14	1
112	479	34	1
121	638	46	2
121	867	11	1
121	739	3	1
225	953	21	1
225	378	14	1
231	32	20	2
231	756	12	1
231	64	27	1
281	596	27	1
281	105	67	7
281	521	46	1
281	695	24	1
281	580	24	1
281	355	24	1
281	51	10	1
281	738	23	1
281	807	23	1
281	651	23	1
281	761	34	1
281	479	34	84
281	56	12	1
281	469	5	11
281	241	16	2
281	492	12	1
281	658	16	4
281	693	23	1
281	448	26	2
281	268	1	1
281	953	21	4
281	662	41	1
281	618	53	1
281	201	1	1
281	623	30	1
281	652	1	1
281	511	9	1
281	378	14	2
281	759	22	1
281	567	15	2
281	760	16	1
281	439	3	2
281	950	75	2
281	805	12	1
281	578	57	1
281	380	29	1
281	868	16	1
281	40	16	1
281	416	60	2
281	676	27	3
281	64	27	7
281	929	61	3
281	442	61	3
281	752	4	1
281	446	29	1
281	154	18	3
281	282	15	1
281	702	16	1
281	88	39	1
281	53	18	1
281	129	4	1
281	670	50	1
281	302	29	1
281	46	27	3
281	238	3	2
281	179	27	1
281	305	29	1
281	47	12	1
281	739	3	1
281	619	3	1
281	615	46	1
281	401	1	1
281	330	81	1
281	123	15	2
281	145	3	1
281	815	1	2
281	875	15	1
281	699	15	1
281	729	80	1
281	584	46	1
281	906	16	1
281	821	16	1
281	17	82	1
281	592	20	2
281	524	14	1
281	450	46	1
281	80	16	1
281	544	9	1
281	856	2	1
281	339	46	1
281	813	27	1
281	289	28	2
281	455	27	3
281	911	59	2
281	685	34	7
281	397	53	1
281	537	83	1
281	902	66	1
281	216	16	1
281	5	21	2
281	667	27	1
281	396	27	1
281	639	59	1
281	208	67	1
281	655	59	1
281	496	12	1
281	118	24	1
281	830	1	1
281	428	15	1
281	384	27	1
281	822	16	2
281	432	4	1
281	683	4	1
281	178	16	1
281	855	46	1
281	549	34	1
281	626	34	1
281	686	25	1
281	806	12	1
281	709	12	1
281	509	12	1
281	248	12	2
281	505	12	1
281	700	12	1
281	884	32	1
281	713	12	1
281	758	12	1
281	736	12	1
281	507	12	1
281	477	12	1
281	67	59	2
281	829	27	1
281	827	82	1
281	788	84	1
281	7	34	1
281	148	34	1
281	470	39	2
281	75	21	1
281	530	16	1
281	217	34	1
281	368	34	1
281	287	1	1
281	605	1	1
281	487	66	1
281	281	12	1
281	555	12	1
281	260	16	1
281	457	25	1
281	756	12	1
281	818	59	1
284	238	3	8
284	81	4	1
284	650	29	1
284	32	20	1
284	564	17	1
284	513	12	1
284	856	2	4
284	113	16	1
284	474	16	1
284	552	1	1
284	535	9	1
284	545	1	1
284	557	16	1
284	14	1	1
284	461	16	1
284	202	16	1
284	573	23	1
284	828	23	1
284	22	1	1
284	531	15	1
284	793	32	1
284	360	1	1
284	924	1	1
284	241	16	1
284	749	17	1
284	953	21	2
284	597	1	1
284	756	12	2
284	708	17	1
284	331	39	1
284	365	17	1
284	693	23	1
284	424	25	1
284	231	12	1
284	704	12	1
284	116	29	1
284	801	65	3
284	769	12	1
284	406	29	1
284	437	46	1
284	338	26	1
284	371	12	1
284	274	1	1
284	873	1	1
284	341	46	1
284	521	46	1
284	821	16	1
284	410	46	1
284	155	12	1
284	660	55	1
284	357	46	1
284	80	16	1
284	378	14	1
284	759	22	2
284	411	19	1
284	593	14	1
284	524	14	1
284	133	25	1
284	546	62	1
284	900	12	1
284	340	12	1
284	469	5	3
284	441	12	1
284	713	12	1
284	884	32	1
284	63	12	1
284	390	12	1
284	119	12	1
284	520	12	1
284	806	12	1
284	790	12	1
284	192	12	1
284	255	12	1
284	674	12	1
284	229	12	1
284	225	12	2
284	575	69	1
284	363	12	1
284	923	12	1
284	758	12	1
284	748	69	1
284	377	12	1
284	736	12	1
284	700	12	1
284	686	25	1
284	281	12	1
284	909	12	1
284	507	12	1
284	505	12	1
284	555	12	1
284	509	12	1
284	477	12	1
284	47	12	1
284	486	12	1
284	496	12	1
284	961	13	1
284	16	12	1
284	422	5	1
284	248	12	1
284	55	26	1
284	732	12	2
284	709	12	1
284	78	37	1
284	260	16	1
284	906	16	1
284	782	23	1
284	429	23	1
284	820	38	1
284	171	16	1
284	428	15	1
284	851	16	1
284	567	15	1
284	288	52	1
284	101	1	1
284	475	1	1
284	276	1	1
284	605	1	1
284	287	1	1
290	855	46	2
290	953	21	1
291	13	72	2
291	525	39	1
291	238	3	3
291	412	21	1
291	37	50	1
291	453	29	1
291	798	2	1
292	238	3	1
292	761	34	1
292	240	11	1
292	750	33	1
292	523	24	1
292	115	24	1
292	824	24	1
292	169	46	1
292	534	1	1
292	812	24	1
292	230	16	1
292	599	5	1
297	32	20	1
297	867	11	1
304	238	3	1
304	821	16	1
304	953	21	1
307	238	3	1
307	529	24	1
309	953	21	1
309	154	18	1
311	361	1	13
311	685	34	1
311	867	11	1
311	805	12	1
311	174	1	1
311	711	13	1
313	815	1	4
313	944	33	1
315	238	3	9
315	871	33	2
315	953	21	2
317	941	15	1
317	391	11	1
317	180	1	1
317	463	85	1
317	397	53	1
317	152	41	1
317	124	53	1
317	732	12	1
317	486	12	1
317	496	12	1
317	709	12	1
317	509	12	1
317	477	12	1
317	555	12	1
317	505	12	1
317	507	12	1
317	281	12	1
317	713	12	1
317	520	12	1
317	884	32	1
317	469	5	1
317	693	23	1
317	192	12	1
317	806	12	1
317	119	12	1
317	390	12	1
317	63	12	1
317	727	38	1
317	285	1	1
317	940	31	1
317	626	34	1
317	630	15	1
317	671	39	1
317	905	16	1
317	32	20	1
318	238	3	12
318	482	34	1
318	32	20	1
318	592	20	1
318	953	21	1
318	81	4	1
318	735	26	1
318	685	34	1
318	662	41	1
318	72	1	1
318	34	16	1
319	238	3	8
319	597	1	4
319	662	41	1
319	867	11	1
322	51	10	1
322	704	12	3
323	238	3	1
323	925	4	1
326	744	46	1
326	615	46	1
326	855	46	1
326	137	34	1
327	643	46	6
327	114	23	1
327	412	21	1
327	400	23	1
330	238	3	19
330	78	37	4
330	768	3	1
330	18	67	1
330	521	46	1
330	592	20	1
330	81	4	1
330	756	12	1
330	759	22	1
331	238	3	3
331	506	4	1
331	81	4	1
333	39	23	1
333	108	39	1
333	849	4	1
333	171	16	29
333	78	37	1
333	693	23	1
333	906	16	1
333	47	12	1
333	756	12	8
333	643	46	1
333	521	46	1
333	806	12	1
333	923	12	1
333	801	65	3
333	378	14	3
333	81	4	3
333	759	22	1
333	234	46	2
333	567	15	1
333	469	5	9
333	32	20	3
333	555	12	2
333	477	12	2
333	953	21	1
333	133	25	2
333	260	16	1
333	658	16	2
333	758	12	2
333	363	12	1
333	188	16	1
333	392	25	1
333	830	1	1
333	660	55	1
333	748	69	1
333	736	12	1
333	961	13	1
333	810	1	1
333	46	27	1
333	732	12	1
333	871	33	2
333	64	27	1
333	757	46	1
333	238	3	4
333	506	4	1
333	700	12	4
333	439	3	1
333	574	74	1
333	662	41	1
364	666	32	1
364	95	29	1
364	623	30	3
367	526	41	2
367	875	15	1
367	239	2	1
372	42	1	1
372	935	16	1
372	241	16	1
372	557	16	1
372	740	3	1
372	768	3	1
372	145	3	1
372	759	22	1
372	423	3	1
372	716	16	1
372	745	19	1
372	592	20	1
372	564	17	1
372	604	17	1
372	238	3	1
372	696	79	1
372	66	83	1
372	191	34	1
372	530	16	1
372	511	9	1
372	614	9	1
372	746	1	1
372	837	23	1
372	387	23	1
372	582	33	1
372	940	31	1
372	62	29	1
372	479	34	1
372	158	34	1
372	936	1	1
372	194	1	1
373	559	23	1
373	395	23	1
373	908	16	1
376	285	1	3
376	855	46	1
376	469	5	1
377	262	23	2
377	750	33	1
378	228	46	1
378	32	20	4
378	756	12	2
378	364	76	18
378	658	16	1
378	578	57	1
503	104	11	2
503	662	41	1
503	816	9	1
503	118	24	1
503	875	15	1
503	238	3	1
503	145	3	1
435	182	13	1
435	914	16	1
438	664	46	12
438	469	5	6
438	368	34	2
438	801	65	1
438	760	16	1
438	592	20	1
438	493	51	1
440	603	86	1
440	361	1	1
440	174	1	1
440	742	1	1
440	619	3	1
440	49	1	1
440	685	34	1
440	954	3	1
440	195	3	1
440	952	38	1
440	230	16	1
440	673	1	1
440	345	1	1
440	812	24	1
440	599	5	1
441	479	34	1
441	632	23	1
444	479	34	2
444	732	12	1
444	309	12	1
444	12	12	1
444	469	5	1
444	27	46	3
444	278	12	1
445	238	3	1
445	51	10	1
445	469	5	1
445	119	12	1
445	144	24	2
461	949	64	1
461	668	5	1
473	695	24	1
473	238	3	1
473	249	25	2
473	953	21	1
473	886	50	1
473	64	27	2
473	545	1	2
473	101	1	1
473	830	1	1
473	428	15	1
771	479	34	6
771	685	34	2
791	479	34	1
791	685	34	1
283	427	1	3
283	56	12	1
283	889	47	1
286	852	1	1
286	518	24	1
286	306	24	1
286	238	3	1
286	445	26	1
286	355	24	1
286	927	16	1
286	778	5	1
286	291	33	1
404	714	87	1
404	181	11	1
404	469	5	1
404	278	12	1
404	23	1	1
404	734	24	1
404	540	39	1
404	355	24	1
404	118	24	2
404	555	12	1
404	513	12	1
404	97	11	2
404	382	51	3
404	521	46	1
404	599	5	1
404	346	16	1
404	221	10	1
404	894	7	1
404	313	1	2
404	867	11	1
404	659	32	1
683	930	49	3
683	810	1	1
683	817	22	1
828	540	39	1
828	240	11	1
828	297	71	1
828	795	32	1
828	141	24	1
831	412	21	1
831	400	23	1
126	869	5	1
126	238	3	2
126	195	3	2
143	494	15	2
143	241	16	1
243	742	1	1
243	268	1	1
243	479	34	1
470	944	33	1
470	479	34	1
554	659	32	1
554	917	79	1
589	860	3	1
589	238	3	4
589	293	57	1
589	867	11	1
589	221	10	3
589	394	1	1
589	953	21	2
589	251	23	1
589	881	3	1
589	479	34	1
589	530	16	1
777	210	8	1
777	535	9	1
777	268	1	1
867	944	33	1
867	545	1	1
207	412	21	1
207	194	1	1
207	383	2	1
207	597	1	1
207	492	12	1
207	450	46	1
207	659	32	1
207	264	24	1
207	50	24	1
207	240	11	1
207	580	24	1
207	141	24	1
207	695	24	1
690	856	2	2
690	595	1	6
690	163	34	1
690	685	34	1
690	150	3	1
690	277	34	1
690	747	11	1
5	53	18	16
5	867	11	7
5	910	47	1
5	605	1	1
12	554	1	1
12	867	11	1
12	479	34	1
15	238	3	6
15	187	3	1
15	492	12	1
15	12	12	1
15	338	26	1
15	848	29	1
15	604	17	1
15	428	15	1
15	273	66	3
15	209	40	1
15	584	46	2
15	112	46	3
15	385	46	4
15	765	66	2
15	849	4	3
15	109	4	1
15	757	46	3
15	469	5	2
15	960	12	1
15	27	46	1
15	32	20	1
15	336	1	1
15	815	1	1
15	241	16	2
15	145	3	1
15	774	46	2
15	697	12	1
15	659	32	1
15	175	1	1
15	37	50	1
15	235	4	1
15	293	57	1
15	431	4	1
208	443	33	1
208	815	1	3
208	605	1	1
211	238	3	2
211	89	4	1
211	953	21	1
211	812	24	1
211	759	22	1
298	32	20	3
298	294	2	1
298	393	15	3
298	479	34	2
298	468	15	1
298	630	15	1
298	337	13	1
300	756	12	2
300	64	27	1
300	243	82	1
300	287	1	2
300	605	1	1
300	906	16	2
300	821	16	1
300	830	1	4
300	856	2	2
300	32	20	5
300	810	1	1
300	843	25	1
300	899	73	1
300	424	25	2
300	469	5	1
300	884	32	1
300	363	12	1
300	486	12	1
393	785	2	1
393	808	2	1
393	239	2	1
393	598	41	1
393	512	41	1
393	272	41	1
393	841	41	1
393	526	41	1
393	138	41	1
393	209	40	1
393	646	41	1
393	120	23	1
393	471	41	1
393	779	41	1
393	749	17	1
393	238	3	1
393	597	1	1
393	418	50	1
393	895	49	1
393	40	16	1
393	479	34	1
393	590	16	1
393	633	16	1
393	543	16	1
393	386	16	1
393	280	15	1
393	123	15	1
393	66	83	1
393	556	16	1
393	343	50	1
393	301	34	1
393	322	34	1
393	353	34	1
393	727	38	1
393	669	34	1
393	48	34	1
393	774	46	1
393	103	46	1
393	549	34	1
393	401	1	1
393	855	46	1
393	214	1	1
393	162	1	1
398	238	3	8
398	759	22	1
400	413	23	6
400	219	33	1
400	400	23	3
443	400	23	1
443	39	23	1
443	953	21	1
443	643	46	1
474	914	16	2
474	241	16	1
516	953	21	1
516	400	23	1
528	498	7	1
528	32	20	1
528	288	52	1
537	32	20	1
537	455	27	1
680	536	9	5
680	831	29	1
680	871	33	1
680	238	3	2
680	452	3	1
680	692	88	1
734	98	46	3
734	51	10	1
734	53	18	1
734	167	82	1
734	469	5	1
737	367	1	3
737	314	46	1
737	479	34	1
737	238	3	1
644	798	2	1
644	391	11	1
656	164	24	2
656	141	24	1
656	297	71	1
656	240	11	1
656	795	32	1
656	51	10	1
656	580	24	1
670	816	9	2
670	430	15	1
670	288	52	1
695	759	22	2
695	580	24	1
695	32	20	1
695	953	21	1
709	580	24	1
709	488	43	1
725	188	16	2
725	766	12	1
730	850	57	5
730	199	29	5
730	179	27	1
743	627	29	3
743	871	33	1
752	32	20	1
752	810	1	2
752	378	14	1
752	953	21	1
763	790	12	23
763	821	16	1
763	469	5	4
763	658	16	1
763	192	12	1
763	563	12	1
763	453	29	1
763	238	3	2
763	805	12	1
773	5	21	2
773	64	27	2
773	872	3	2
773	215	26	1
773	55	26	1
834	112	46	7
834	742	1	1
834	469	5	1
834	479	34	1
835	915	17	1
835	469	5	1
845	238	3	1
845	152	41	1
852	32	20	1
852	169	46	1
859	580	24	1
859	560	16	4
859	469	5	1
210	239	2	1
210	242	15	8
210	118	24	5
210	287	1	2
210	300	38	5
210	467	1	12
210	525	39	1
210	700	12	3
210	801	65	7
210	713	12	4
210	709	12	3
210	953	21	9
210	824	24	4
210	171	16	10
210	635	1	1
210	56	12	1
210	441	12	1
210	469	5	6
210	906	16	1
210	756	12	7
210	703	56	1
210	655	59	1
210	818	59	1
210	67	59	1
210	378	14	2
210	604	17	1
210	76	24	2
210	660	55	1
210	658	16	1
210	821	16	3
210	453	29	1
557	118	24	1
557	221	10	1
557	346	16	1
568	32	20	21
568	193	12	1
568	805	12	2
568	810	1	2
568	856	2	1
568	953	21	1
568	113	16	1
568	314	46	1
570	554	1	2
570	469	5	1
572	417	57	1
572	32	20	1
574	443	33	1
574	837	23	1
574	495	40	1
574	45	24	1
574	500	33	1
574	501	24	1
574	529	24	1
574	695	24	1
574	795	32	1
574	297	71	1
574	240	11	1
574	164	24	2
574	50	24	1
574	141	24	1
574	534	1	1
574	51	10	1
574	580	24	1
574	734	24	1
578	643	46	3
578	959	41	1
585	469	5	1
585	51	10	1
602	867	11	2
602	419	1	1
607	929	61	6
607	867	11	1
607	605	1	1
619	854	9	1
619	723	16	1
619	346	16	1
619	900	12	1
619	278	12	1
619	394	1	1
619	582	33	1
619	575	69	1
619	227	16	1
619	718	1	1
619	422	5	1
619	212	50	1
619	724	16	1
619	401	1	1
619	953	21	2
619	325	42	1
628	160	1	1
628	953	21	1
628	680	5	1
293	934	89	2
293	639	59	1
293	469	5	1
423	479	34	2
423	928	34	1
433	823	23	1
433	944	33	1
433	609	25	1
433	711	13	1
452	695	24	1
452	685	34	4
452	479	34	1
456	116	29	1
456	789	73	1
456	314	46	1
456	805	12	1
456	525	39	1
456	781	44	3
456	481	47	2
456	576	47	1
459	433	4	1
459	953	21	1
75	223	9	1
75	615	46	1
505	137	34	2
505	181	11	1
822	554	1	10
822	685	34	1
822	856	2	1
822	32	20	1
826	944	33	1
826	566	29	1
666	532	33	1
666	871	33	2
667	805	12	1
667	149	1	1
667	552	1	1
667	594	2	1
667	134	12	1
671	525	39	1
671	798	2	1
681	170	1	1
681	118	24	1
684	208	67	1
684	788	84	1
684	109	4	1
113	861	46	2
113	856	2	1
113	469	5	1
113	737	12	1
223	835	1	1
223	502	21	1
223	953	21	1
230	135	29	5
230	946	3	3
230	8	4	1
230	578	57	2
230	319	90	1
230	957	1	2
230	606	16	1
230	812	24	1
230	715	90	1
230	732	12	1
230	953	21	1
230	460	4	1
230	488	43	1
230	532	33	1
230	238	3	1
230	752	4	1
230	258	31	2
230	378	14	1
230	338	26	1
239	238	3	1
239	685	34	1
386	238	3	1
386	469	5	1
76	488	43	1
76	747	11	1
550	238	3	1
550	909	12	1
153	805	12	1
153	403	1	1
153	760	16	1
153	884	32	1
153	278	12	1
153	47	12	1
153	602	1	1
154	221	10	1
154	32	20	1
700	212	50	1
700	30	91	1
44	597	1	1
44	238	3	1
111	443	33	1
111	837	23	1
396	685	34	1
396	503	50	1
396	599	5	1
715	820	38	3
715	685	34	1
719	238	3	2
719	884	32	1
719	759	22	1
675	695	24	1
675	747	11	1
679	812	24	1
679	479	34	1
258	541	43	1
258	334	43	1
258	488	43	1
258	482	34	1
726	238	3	1
726	944	33	1
726	810	1	1
726	842	1	2
837	320	48	1
837	227	16	1
837	172	57	1
841	469	5	1
841	272	41	1
195	594	2	2
195	32	20	1
232	54	5	1
232	287	1	1
232	262	23	1
232	623	30	1
238	238	3	7
238	947	74	1
374	831	29	1
374	847	23	16
374	469	5	6
374	875	15	1
374	391	11	1
374	798	2	1
374	757	46	2
374	756	12	3
374	713	12	1
374	661	23	1
374	563	12	1
374	513	12	1
381	760	16	1
381	738	23	1
381	823	23	1
381	658	16	1
430	32	20	2
430	856	2	1
431	464	23	4
431	51	10	1
431	580	24	1
472	213	20	2
472	896	92	2
480	479	34	1
480	695	24	1
520	588	7	1
520	448	26	1
599	169	46	1
599	11	11	1
599	623	30	1
605	393	15	1
605	659	32	1
608	756	12	1
608	863	35	1
608	274	1	3
608	604	17	1
608	634	12	1
608	505	12	1
608	555	12	1
608	469	5	1
608	19	1	1
608	14	1	1
608	357	46	1
608	378	14	1
663	740	3	4
663	798	2	1
663	77	50	1
674	479	34	1
674	533	1	3
674	448	26	7
674	238	3	1
674	278	12	1
674	240	11	1
674	723	16	1
682	815	1	1
682	32	20	1
735	748	69	1
735	189	1	1
775	238	3	5
775	81	4	1
812	469	5	1
812	503	50	4
812	369	29	1
838	856	2	1
838	160	1	1
849	650	29	1
849	373	47	1
849	469	5	1
860	238	3	1
860	524	14	1
10	703	56	1
10	735	26	1
10	940	31	1
10	491	2	2
10	812	24	1
13	492	12	1
13	716	16	1
13	759	22	1
13	55	26	1
13	47	12	1
13	266	12	1
13	469	5	1
13	814	23	1
16	822	16	18
16	695	24	1
16	40	16	1
16	64	27	5
16	479	34	2
16	488	43	1
16	739	3	1
16	384	27	2
16	455	27	4
16	818	59	1
16	487	66	1
16	238	3	1
16	289	28	1
16	911	59	2
16	50	24	1
16	756	12	1
20	827	82	2
20	345	1	1
20	469	5	1
504	700	12	2
504	373	47	1
504	649	16	2
504	67	59	1
504	596	27	1
504	365	17	1
504	674	12	1
504	732	12	1
504	918	29	1
507	650	29	1
507	756	12	1
545	238	3	1
545	759	22	1
600	238	3	1
600	425	47	1
604	911	59	1
604	238	3	1
604	64	27	2
604	871	33	1
604	32	20	1
609	810	1	2
609	856	2	1
609	32	20	1
609	805	12	1
609	674	12	1
609	225	12	1
609	469	5	1
620	561	47	1
620	949	64	1
636	861	46	2
636	701	57	4
636	577	57	1
647	122	3	1
647	400	23	1
652	238	3	1
652	756	12	1
685	170	1	4
685	585	16	2
685	479	34	1
691	551	12	1
691	719	57	1
720	896	92	1
720	605	1	6
720	238	3	1
727	719	57	1
727	884	32	1
748	184	27	8
748	829	27	1
748	64	27	1
751	218	64	1
751	145	3	1
755	469	5	1
755	747	11	1
759	742	1	10
759	871	33	1
767	511	9	1
767	297	71	6
767	837	23	1
767	238	3	1
767	443	33	1
767	529	24	1
767	734	24	2
767	617	9	2
767	869	5	2
767	118	24	4
767	523	24	2
767	164	24	1
767	692	88	1
767	786	33	1
767	695	24	1
767	221	10	1
767	580	24	2
767	643	46	1
767	469	5	1
767	816	9	1
774	821	16	1
774	756	12	1
794	643	46	2
794	729	80	1
816	152	41	1
816	526	41	1
816	203	54	1
816	953	21	1
94	607	12	1
94	790	12	3
94	580	24	1
106	942	25	2
106	621	3	20
106	238	3	1
106	570	3	7
106	278	12	1
106	469	5	1
106	685	34	1
106	605	1	1
226	264	24	1
226	695	24	1
229	275	12	1
229	696	79	5
229	479	34	1
229	317	12	1
229	630	15	1
229	671	39	1
229	550	15	2
229	828	23	1
229	469	5	1
406	830	1	1
406	82	8	1
406	854	9	1
406	864	23	1
406	894	7	1
439	815	1	2
439	953	21	1
562	805	12	1
562	415	12	1
361	51	10	1
361	823	23	1
361	623	30	3
361	70	48	3
548	84	5	1
548	659	32	1
548	104	11	1
548	867	11	1
756	4	3	1
756	145	3	1
855	810	1	1
855	469	5	1
857	532	33	21
857	851	16	9
857	592	20	2
857	953	21	1
857	479	34	1
861	479	34	1
861	610	24	1
862	759	22	2
862	732	12	1
862	756	12	1
862	855	46	1
862	479	34	2
163	637	46	3
163	114	23	1
266	859	92	1
266	349	92	1
266	32	20	2
266	896	92	1
776	700	12	2
776	520	12	2
776	509	12	2
776	477	12	2
776	55	26	2
776	736	12	2
776	363	12	2
776	758	12	2
776	47	12	2
776	496	12	2
776	486	12	2
776	56	12	2
776	377	12	2
776	884	32	2
776	713	12	2
776	801	65	2
776	507	12	1
776	555	12	1
776	505	12	1
17	695	24	1
17	812	24	1
337	882	39	24
337	741	1	2
337	944	33	1
337	400	23	1
337	118	24	1
337	869	5	1
337	264	24	1
343	825	11	1
343	136	11	1
343	867	11	1
343	181	11	1
402	766	12	1
402	86	1	3
426	401	1	1
426	720	32	2
426	238	3	1
426	280	15	1
446	809	26	2
446	735	26	1
462	238	3	3
462	479	34	1
462	739	3	1
462	925	4	1
462	681	5	1
462	940	31	1
462	597	1	2
462	451	27	2
482	400	23	1
482	823	23	1
486	855	46	1
486	774	46	1
491	264	24	1
491	506	4	1
491	165	3	1
491	739	3	1
491	469	5	1
576	944	33	1
576	443	33	2
576	774	46	1
721	469	5	1
721	400	23	6
721	412	21	1
839	640	15	1
839	66	83	2
839	630	15	1
839	32	20	1
34	51	10	1
34	272	41	1
419	810	1	3
419	32	20	2
419	856	2	1
517	469	5	1
517	756	12	1
517	299	46	1
521	69	23	1
521	461	16	1
521	760	16	1
521	953	21	1
521	397	53	1
521	470	39	1
521	702	16	1
701	268	1	1
701	599	5	1
9	580	24	1
9	469	5	1
54	268	1	1
54	599	5	1
58	568	4	1
58	238	3	2
61	315	9	1
61	99	3	1
61	685	34	1
66	187	3	2
66	238	3	8
66	798	2	4
66	17	82	1
66	145	3	1
66	32	20	1
66	378	14	1
102	869	5	2
102	488	43	1
174	81	4	1
174	238	3	1
421	69	23	2
421	533	1	1
421	443	33	1
421	488	43	1
506	262	23	1
506	575	69	2
506	398	1	1
506	469	5	1
508	295	23	1
508	400	23	1
508	469	5	1
582	27	46	1
582	385	46	1
582	2	12	2
582	112	46	2
657	212	50	1
657	548	12	2
657	145	3	1
657	469	5	1
738	888	39	46
738	365	17	1
738	597	1	5
738	469	5	7
738	319	90	1
738	715	90	1
738	154	18	1
738	238	3	5
738	868	16	2
738	270	4	1
738	479	34	1
738	581	4	1
738	683	4	4
738	133	25	1
738	884	32	1
738	331	39	1
738	432	4	1
738	759	22	1
739	238	3	4
739	597	1	7
739	888	39	5
739	868	16	1
739	561	47	1
739	331	39	1
739	455	27	1
739	32	20	1
739	759	22	1
739	685	34	1
749	637	46	1
749	790	12	1
749	685	34	1
750	594	2	1
750	856	2	1
792	400	23	1
792	469	5	1
866	238	3	1
866	944	33	1
866	802	29	19
866	444	39	4
866	479	34	2
866	756	12	1
866	857	29	2
866	469	5	2
866	953	21	1
866	95	29	4
8	453	29	1
8	767	58	1
8	123	15	1
8	685	34	1
8	373	47	1
18	632	23	1
18	785	2	1
18	35	57	1
119	812	24	1
119	238	3	1
119	944	33	1
119	534	1	1
122	479	34	2
122	685	34	1
141	730	1	2
141	9	5	1
205	70	48	1
205	652	1	1
205	838	23	1
236	487	66	4
236	479	34	1
236	57	9	8
236	637	46	1
236	53	18	1
236	871	33	1
341	56	12	4
341	2	12	2
341	909	12	13
341	469	5	2
341	960	12	2
341	268	1	10
341	732	12	2
341	726	12	1
341	555	12	1
341	801	65	1
422	599	5	3
422	723	16	1
447	526	41	1
447	685	34	1
453	443	33	1
453	599	5	1
526	469	5	1
526	752	4	1
526	785	2	4
526	64	27	1
571	166	33	3
571	909	12	2
571	746	1	2
571	869	5	1
596	298	34	9
596	258	31	2
596	931	34	1
596	84	5	1
658	673	1	1
658	84	5	2
660	480	1	2
660	378	14	1
660	32	20	1
662	622	1	3
662	876	27	2
665	32	20	1
665	240	11	1
665	412	21	1
665	685	34	1
672	480	1	5
672	32	20	1
672	899	73	1
672	856	2	1
676	721	5	2
676	534	1	1
676	264	24	1
741	170	1	1
741	355	24	1
746	785	2	1
746	238	3	1
747	801	65	1
747	118	24	1
747	378	14	1
747	830	1	1
747	250	1	1
747	80	16	1
747	32	20	1
747	580	24	1
783	662	41	1
783	124	53	1
783	74	15	3
783	66	83	1
783	51	10	1
783	10	24	1
783	158	34	1
804	91	32	2
804	3	12	1
809	686	25	1
809	721	5	1
809	270	4	1
809	759	22	1
811	51	10	1
811	695	24	1
811	580	24	1
37	469	5	3
37	686	25	1
38	867	11	2
38	118	24	1
95	205	15	1
95	756	12	1
144	127	1	1
144	262	23	1
148	866	29	1
148	443	33	1
148	695	24	1
204	664	46	1
204	498	7	1
249	228	46	3
249	300	38	1
249	695	24	2
249	469	5	3
249	32	20	1
249	805	12	4
249	429	23	3
249	575	69	1
249	592	20	1
249	154	18	1
249	623	30	1
387	953	21	2
387	378	14	1
388	286	15	1
388	711	13	1
388	953	21	1
392	732	12	3
392	225	12	4
392	469	5	16
392	131	12	1
392	756	12	2
392	492	12	1
392	781	44	2
392	817	22	1
392	805	12	1
392	953	21	1
392	601	12	5
392	75	21	3
392	697	12	1
392	331	39	3
392	604	17	2
392	258	31	8
392	477	12	3
392	414	65	1
392	567	15	1
392	639	59	1
392	665	25	1
392	739	3	1
392	133	25	2
392	479	34	2
392	806	12	2
392	658	16	2
392	192	12	1
397	332	1	9
397	180	1	1
397	823	23	2
451	867	11	1
451	623	30	1
460	479	34	1
460	238	3	1
538	747	11	1
538	673	1	1
538	432	4	1
538	743	9	2
539	238	3	8
539	345	1	1
539	137	34	1
544	349	92	2
544	859	92	5
544	896	92	1
546	662	41	1
546	842	1	1
546	810	1	1
546	805	12	1
555	377	12	1
555	555	12	1
555	469	5	1
565	262	23	1
565	221	10	1
565	118	24	1
584	830	1	1
584	658	16	1
584	756	12	1
584	796	76	1
584	685	34	1
591	685	34	1
591	49	1	1
591	479	34	1
708	264	24	1
708	910	47	1
708	792	9	3
708	479	34	1
708	695	24	1
708	735	26	4
708	718	1	1
708	723	16	1
24	855	46	3
24	479	34	1
129	145	3	1
129	314	46	1
133	401	1	1
133	262	23	1
133	482	34	1
133	118	24	1
133	479	34	1
134	580	24	1
134	170	1	1
134	268	1	1
134	412	21	1
134	378	14	1
176	334	43	2
176	310	68	14
176	482	34	1
178	432	4	1
178	469	5	2
214	871	33	1
214	378	14	1
214	684	50	1
257	867	11	1
257	528	11	1
257	181	11	3
257	479	34	2
262	870	4	1
262	832	1	1
353	56	12	1
353	469	5	1
357	383	2	2
357	856	2	5
357	594	2	3
357	810	1	1
357	193	12	1
357	296	12	1
357	805	12	1
357	554	1	9
357	535	9	1
357	79	33	1
357	854	9	1
357	366	6	1
357	436	66	1
357	82	8	3
357	881	3	1
359	953	21	1
359	361	1	1
409	321	16	4
409	735	26	1
410	238	3	1
410	244	27	2
412	871	33	1
412	747	11	1
412	488	43	1
412	443	33	1
412	102	40	2
427	774	46	18
427	108	39	2
427	300	38	1
427	27	46	1
427	231	12	1
427	238	3	2
427	183	1	12
427	278	12	1
427	270	4	1
427	307	12	1
427	957	1	3
427	759	22	1
427	749	17	2
427	756	12	1
427	145	3	1
427	61	15	1
427	351	5	1
427	821	16	1
427	129	4	1
427	194	1	1
427	693	23	2
427	515	1	1
427	469	5	1
427	192	12	1
427	941	15	1
449	361	1	1
449	479	34	1
449	685	34	4
466	238	3	1
466	756	12	1
493	695	24	1
493	580	24	1
493	400	23	1
493	742	1	1
529	525	39	1
529	108	39	3
529	469	5	1
531	443	33	1
531	469	5	1
531	287	1	1
575	685	34	2
575	848	29	1
580	896	92	1
580	685	34	1
615	268	1	34
615	394	1	1
615	659	32	1
615	586	1	4
615	756	12	1
615	21	14	1
616	41	49	1
616	805	12	1
616	148	34	1
616	810	1	1
618	238	3	1
618	32	20	1
618	842	1	1
702	238	3	4
702	688	3	1
27	238	3	4
27	145	3	1
27	300	38	2
27	469	5	1
43	896	92	1
43	823	23	1
43	469	5	1
59	271	27	11
59	238	3	2
59	877	7	2
59	947	74	1
59	81	4	4
59	871	33	1
59	774	46	1
62	786	33	1
62	238	3	1
64	910	47	1
64	469	5	1
64	535	9	1
151	262	23	1
151	479	34	1
172	32	20	1
172	810	1	1
172	856	2	1
172	867	11	1
215	268	1	1
215	21	14	1
217	227	16	6
217	717	16	13
217	724	16	7
217	159	16	26
217	718	1	4
217	744	46	6
217	287	1	1
217	851	16	1
217	470	39	1
217	479	34	1
217	940	31	1
217	139	16	3
217	673	1	1
217	900	12	3
217	267	25	2
217	355	24	1
217	534	1	1
217	153	78	1
217	729	80	2
217	526	41	1
217	238	3	1
217	723	16	2
217	515	1	1
217	469	5	1
217	448	26	1
254	926	12	27
254	182	13	10
254	408	45	29
254	805	12	1
254	506	4	1
254	238	3	1
255	204	3	3
255	238	3	13
265	735	26	1
265	443	33	1
265	1	1	1
312	685	34	1
312	479	34	1
561	750	33	5
561	272	41	6
561	629	68	8
561	262	23	8
561	118	24	5
561	957	1	1
561	852	1	1
669	50	24	2
669	869	5	1
669	944	33	1
669	605	1	5
669	671	39	7
728	145	3	1
728	559	23	1
740	953	21	1
740	759	22	1
823	685	34	1
823	599	5	1
840	209	40	2
840	847	23	1
840	953	21	9
840	158	34	1
840	479	34	2
840	412	21	6
840	354	14	1
840	869	5	7
840	460	4	1
840	238	3	1
840	823	23	1
840	738	23	1
840	262	23	1
840	347	23	1
840	145	3	1
840	475	1	1
840	288	52	1
840	94	5	2
840	673	1	2
840	400	23	1
840	239	2	1
840	526	41	1
21	58	47	1
21	679	79	1
21	747	11	1
21	756	12	1
23	904	63	1
23	953	21	1
23	436	66	3
25	262	23	1
25	221	10	1
25	953	21	2
25	594	2	1
25	75	21	1
28	412	21	1
28	675	57	1
28	953	21	5
28	378	14	1
28	639	59	1
28	417	57	1
28	885	1	1
84	794	3	1
84	953	21	3
100	64	27	1
100	756	12	2
100	32	20	2
103	533	1	1
103	695	24	2
103	51	10	1
149	690	34	3
149	644	81	10
158	5	21	1
158	59	15	5
158	711	13	1
159	238	3	4
159	377	12	1
159	472	34	2
167	810	1	1
167	842	1	1
173	584	46	1
173	704	12	1
173	749	17	1
173	145	3	1
173	416	60	1
173	818	59	1
173	458	27	1
173	64	27	1
173	5	21	1
173	442	61	1
173	530	16	1
173	671	39	1
181	152	41	1
181	124	53	1
181	404	41	1
181	662	41	1
181	837	23	1
181	262	23	4
181	84	5	1
181	227	16	1
181	534	1	1
181	127	1	1
181	136	11	1
181	32	20	1
181	111	34	1
181	264	24	1
181	672	9	1
181	272	41	1
181	580	24	1
181	49	1	1
181	69	23	1
181	610	24	1
181	734	24	1
181	230	16	1
181	599	5	1
181	118	24	1
181	673	1	1
181	742	1	5
181	735	26	1
272	632	23	1
272	32	20	2
424	909	12	1
424	547	5	1
424	706	46	1
424	270	4	1
424	871	33	1
424	469	5	1
424	67	59	1
428	337	13	1
428	711	13	1
428	204	3	1
428	174	1	1
428	623	30	1
477	479	34	1
477	698	34	1
489	479	34	1
489	685	34	1
552	64	27	6
552	756	12	5
552	32	20	3
552	685	34	2
552	479	34	1
573	62	29	1
573	940	31	1
573	139	16	2
573	469	5	1
573	855	46	1
573	17	82	1
573	592	20	2
573	378	14	1
573	953	21	1
573	241	16	1
573	851	16	1
573	617	9	1
573	824	24	1
587	888	39	12
587	238	3	3
587	469	5	2
587	479	34	2
587	331	39	1
587	122	3	1
587	685	34	1
587	619	3	1
627	739	3	1
627	574	74	1
627	238	3	1
635	207	12	1
635	909	12	1
635	469	5	1
760	391	11	8
760	397	53	14
786	840	76	1
786	408	45	1
842	32	20	1
842	64	27	1
50	855	46	1
50	238	3	1
85	308	34	1
85	264	24	1
87	125	1	13
87	856	2	1
87	538	1	1
89	685	34	4
89	469	5	2
89	395	23	1
89	259	3	51
89	278	12	1
89	650	29	4
89	83	44	2
252	638	46	1
252	211	46	1
261	815	1	1
261	238	3	1
267	272	41	1
267	900	12	1
267	462	1	1
267	597	1	1
268	177	72	1
268	64	27	1
268	458	27	1
268	46	27	1
269	648	27	1
269	953	21	3
269	871	33	1
269	469	5	5
269	443	33	1
269	658	16	1
269	677	12	1
269	917	79	1
269	479	34	1
269	739	3	1
269	695	24	1
269	64	27	1
269	238	3	1
269	700	12	1
278	504	1	11
278	187	3	1
278	238	3	1
278	469	5	2
278	479	34	1
325	488	43	2
325	695	24	1
563	933	34	1
563	916	1	9
563	303	39	2
563	238	3	1
655	324	32	4
655	403	1	1
655	493	51	1
655	355	24	1
655	241	16	1
655	760	16	3
655	400	23	1
655	559	23	2
127	479	34	1
127	611	1	1
135	211	46	14
135	479	34	1
135	46	27	1
135	506	4	1
135	171	16	1
139	469	5	2
139	893	1	2
139	290	76	1
146	421	3	1
146	529	24	1
146	695	24	1
156	728	25	1
156	830	1	1
156	152	41	1
156	875	15	1
156	954	3	1
156	217	34	1
182	815	1	1
182	32	20	1
182	896	92	1
182	349	92	1
187	160	1	1
187	628	1	1
188	568	4	1
188	54	5	2
188	653	7	1
188	871	33	1
191	957	1	3
191	179	27	1
191	368	34	1
191	545	1	2
191	469	5	1
233	51	10	1
233	17	82	1
233	540	39	1
250	810	1	5
250	32	20	1
250	264	24	1
250	386	16	27
250	805	12	1
250	430	15	2
250	503	50	1
250	526	41	1
250	238	3	1
250	898	64	2
250	830	1	2
250	785	2	2
250	82	8	1
250	469	5	1
250	757	46	1
250	380	29	1
251	145	3	1
251	78	37	1
253	878	2	1
253	439	3	1
253	176	3	1
263	148	34	3
263	756	12	1
263	178	16	1
263	842	1	2
263	7	34	2
270	465	12	1
270	758	12	1
270	98	46	1
270	686	25	1
270	555	12	1
270	67	59	1
271	443	33	1
271	656	25	1
271	650	29	1
275	179	27	1
275	856	2	1
280	756	12	1
280	104	11	1
280	269	12	1
282	832	1	1
282	422	5	1
288	400	23	4
288	943	25	1
288	120	23	1
288	864	23	1
294	401	1	2
294	513	12	1
294	379	34	1
295	238	3	7
295	759	22	2
295	662	41	3
295	474	16	1
295	210	8	1
295	137	34	1
295	688	3	1
346	540	39	3
346	617	9	1
352	443	33	1
352	944	33	1
352	952	38	1
352	731	38	1
352	104	11	1
769	948	3	1
769	479	34	1
772	659	32	1
772	756	12	1
772	238	3	1
107	756	12	3
107	186	1	8
107	400	23	1
338	554	1	1
338	605	1	1
338	288	52	1
338	645	7	1
338	216	16	1
814	394	1	1
814	118	24	1
814	262	23	1
814	837	23	1
814	387	23	1
814	823	23	1
814	699	15	1
814	875	15	1
814	729	80	1
814	238	3	1
814	953	21	2
814	440	29	1
814	403	1	1
814	815	1	1
814	896	92	1
814	202	16	1
814	145	3	1
814	378	14	1
814	662	41	1
814	292	30	1
630	266	12	1
630	307	12	2
630	479	34	4
630	801	65	1
630	469	5	2
630	953	21	1
630	473	15	10
630	700	12	2
630	264	24	4
630	297	71	1
630	580	24	1
630	51	10	2
630	240	11	1
630	697	12	2
630	555	12	1
630	630	15	2
630	695	24	1
630	674	12	1
630	806	12	1
630	151	16	1
718	790	12	1
718	482	34	1
35	51	10	1
35	695	24	1
150	957	1	1
150	785	2	2
150	469	5	1
150	152	41	1
150	919	45	1
150	817	22	1
150	395	23	1
152	869	5	1
152	714	87	1
157	239	2	1
157	479	34	1
157	394	1	1
157	252	41	1
540	238	3	2
540	443	33	1
641	842	1	112
641	810	1	5
641	147	12	1
641	36	23	4
641	148	34	8
641	32	20	6
641	225	12	1
641	178	16	1
641	526	41	1
641	479	34	2
641	805	12	4
641	756	12	1
641	749	17	1
641	469	5	1
641	7	34	1
641	258	31	1
706	752	4	1
706	154	18	2
706	108	39	1
706	479	34	1
479	360	1	1
479	31	15	1
479	499	15	1
479	584	46	1
479	153	78	1
479	867	11	2
91	238	3	2
91	953	21	3
92	423	3	3
92	469	5	1
92	592	20	1
227	550	15	1
227	28	16	5
227	469	5	1
277	387	23	1
277	756	12	1
277	64	27	1
277	32	20	1
601	909	12	1
601	732	12	1
601	469	5	1
716	643	46	1
716	709	12	1
212	201	1	2
212	450	46	1
213	380	29	1
213	41	49	1
213	904	63	1
213	874	46	1
213	134	12	1
213	938	12	1
213	898	64	1
213	810	1	1
213	489	12	1
213	766	12	1
213	805	12	1
213	32	20	1
213	856	2	1
213	415	12	1
219	32	20	2
219	349	92	1
219	896	92	1
345	664	46	1
345	548	12	9
345	67	59	1
345	469	5	2
365	240	11	1
365	51	10	1
371	685	34	1
371	479	34	1
425	925	4	1
425	238	3	1
457	823	23	1
457	856	2	2
457	756	12	1
457	810	1	1
463	836	92	1
463	859	92	1
463	382	51	1
468	32	20	1
468	15	12	1
468	686	25	1
468	700	12	1
468	469	5	1
469	871	33	6
469	469	5	2
469	597	1	1
469	580	24	1
469	17	82	1
469	238	3	2
469	64	27	1
469	81	4	1
469	443	33	1
469	592	20	1
469	756	12	1
481	238	3	1
481	662	41	1
483	685	34	3
483	455	27	1
483	479	34	5
483	469	5	1
483	79	33	1
496	867	11	1
496	795	32	1
496	258	31	1
496	530	16	1
500	397	53	2
500	124	53	1
511	390	12	7
511	525	39	1
511	641	13	1
511	183	1	1
511	749	17	2
511	693	23	2
511	192	12	1
511	63	12	1
525	323	1	6
525	238	3	1
525	378	14	1
525	160	1	1
534	881	3	3
534	383	2	1
542	400	23	4
542	705	23	5
542	823	23	2
542	616	26	1
547	247	27	2
547	238	3	1
547	469	5	1
558	704	12	2
558	695	24	2
558	469	5	1
564	599	5	3
564	238	3	1
564	673	1	1
577	238	3	15
577	871	33	6
577	146	16	1
577	479	34	1
577	759	22	1
577	187	3	1
577	81	4	1
579	238	3	10
579	209	40	1
586	31	15	13
586	658	16	1
586	287	1	1
586	341	46	1
586	592	20	1
586	378	14	1
592	156	4	1
592	64	27	1
632	540	39	1
632	830	1	1
637	605	1	12
637	32	20	1
637	287	1	1
637	479	34	1
639	953	21	1
639	238	3	1
639	597	1	1
648	953	21	1
648	238	3	2
648	145	3	1
648	377	12	1
648	769	12	1
648	233	12	1
648	736	12	1
648	677	12	1
648	726	12	1
648	923	12	1
648	700	12	1
648	358	12	1
648	575	69	1
648	748	69	1
648	207	12	1
648	686	25	1
648	469	5	1
648	597	1	2
648	887	1	1
648	17	82	1
648	235	4	1
649	378	14	4
649	599	5	2
696	103	46	1
696	774	46	1
696	747	11	1
696	659	32	1
868	862	47	9
868	55	26	1
868	363	12	1
868	469	5	2
868	823	23	1
868	505	12	1
868	378	14	1
868	756	12	1
868	842	1	3
868	82	8	1
868	346	16	1
868	139	16	1
868	479	34	1
868	592	20	1
868	716	16	1
868	851	16	1
868	241	16	1
868	16	12	1
868	748	69	1
868	719	57	1
417	580	24	1
417	565	47	1
33	264	24	1
33	219	33	1
49	653	7	1
49	469	5	1
49	756	12	2
49	592	20	1
49	238	3	1
49	32	20	1
63	762	4	18
63	145	3	1
108	463	85	1
108	284	41	1
108	867	11	1
108	312	41	1
108	434	93	1
108	25	11	1
108	203	54	1
108	97	11	1
108	349	92	1
108	391	11	1
108	811	24	1
108	372	24	1
108	618	53	1
108	847	23	1
108	222	24	1
108	136	11	1
108	359	11	1
108	553	24	1
108	397	53	1
108	104	11	1
108	642	11	1
108	6	92	1
108	404	41	1
108	662	41	1
124	368	34	1
124	230	16	1
124	742	1	1
124	662	41	1
490	811	24	1
490	136	11	1
490	618	53	1
490	867	11	1
490	181	11	1
704	790	12	3
704	303	39	1
705	909	12	1
705	469	5	1
705	756	12	1
30	365	17	1
30	469	5	1
30	492	12	1
30	756	12	1
36	534	1	1
36	937	65	1
36	469	5	1
36	597	1	1
36	760	16	1
416	397	53	2
416	463	85	1
416	262	23	1
420	658	16	1
420	756	12	1
420	510	94	1
420	64	27	3
420	685	34	2
420	479	34	7
420	83	44	1
420	745	19	1
420	469	5	1
499	582	33	1
499	238	3	1
502	479	34	1
502	685	34	1
502	678	1	1
502	355	24	1
502	10	24	1
502	240	11	1
502	738	23	1
509	555	12	1
509	700	12	1
509	469	5	1
510	238	3	1
510	334	43	1
512	662	41	1
512	105	67	1
513	238	3	1
513	658	16	1
513	856	2	1
513	756	12	1
513	823	23	1
515	549	34	5
515	479	34	3
515	353	34	1
515	88	39	1
518	953	21	1
518	238	3	1
522	871	33	1
522	218	64	1
522	375	4	1
523	235	4	1
523	238	3	1
532	149	1	1
532	134	12	1
532	810	1	2
532	766	12	1
532	805	12	1
633	211	46	1
633	638	46	1
633	31	15	1
673	238	3	2
673	695	24	1
673	37	50	1
677	238	3	1
677	695	24	1
677	752	4	1
787	179	27	1
787	855	46	2
787	648	27	1
846	469	5	1
846	278	12	1
1	379	34	1
1	855	46	1
1	647	45	1
1	673	1	1
1	469	5	1
1	130	3	1
52	51	10	1
52	615	46	1
52	238	3	1
52	479	34	1
52	469	5	1
71	756	12	1
71	225	12	1
71	469	5	1
93	599	5	1
93	953	21	1
120	238	3	2
120	533	1	1
183	643	46	1
183	145	3	1
193	51	10	1
193	479	34	1
244	618	53	1
244	68	11	1
244	152	41	1
244	397	53	1
244	124	53	1
259	587	15	1
259	830	1	1
259	754	15	5
259	757	46	1
259	765	66	1
259	815	1	1
259	719	57	1
259	658	16	1
729	361	1	1
729	263	18	1
729	204	3	1
729	174	1	1
403	334	43	1
403	488	43	1
408	238	3	4
408	742	1	1
408	479	34	1
411	739	3	2
411	946	3	1
411	804	1	1
411	479	34	1
411	439	3	2
411	942	25	1
549	29	11	1
549	443	33	1
551	623	30	1
551	897	29	1
661	953	21	2
661	756	12	1
661	378	14	1
661	674	12	1
711	532	33	4
711	957	1	1
712	264	24	1
712	580	24	1
712	10	24	1
712	73	5	11
712	71	5	3
712	94	5	1
712	723	16	1
712	238	3	1
712	717	16	1
712	714	87	1
712	869	5	1
712	680	5	2
712	724	16	1
713	947	74	3
713	238	3	1
713	314	46	1
713	765	66	1
713	700	12	1
713	637	46	1
713	709	12	1
713	545	1	2
713	469	5	1
717	608	4	1
717	32	20	1
90	855	46	1
90	488	43	1
368	356	33	1
368	245	57	1
368	469	5	1
368	594	2	1
368	856	2	1
368	32	20	1
379	588	7	1
379	851	16	2
379	62	29	1
379	623	30	1
379	469	5	1
379	32	20	1
379	760	16	1
379	202	16	1
379	238	3	1
379	823	23	1
405	662	41	1
405	238	3	3
583	532	33	1
583	691	9	1
606	430	15	7
606	145	3	1
612	321	16	8
612	479	34	1
612	585	16	2
624	469	5	2
624	844	27	3
624	533	1	1
624	218	64	2
624	278	12	2
624	190	27	2
761	671	39	8
761	443	33	1
797	648	27	2
797	479	34	3
797	455	27	3
797	64	27	1
800	355	24	1
800	830	1	1
802	749	17	1
802	469	5	1
833	238	3	1
833	64	27	1
22	488	43	1
22	443	33	1
588	238	3	6
588	108	39	1
614	488	43	1
614	368	34	1
765	252	41	1
765	33	23	1
789	944	33	3
789	460	4	1
789	522	46	3
864	296	12	1
864	771	29	1
864	805	12	1
864	763	25	1
864	478	25	1
436	238	3	1
436	206	29	1
436	469	5	1
448	72	1	1
448	191	34	1
569	171	16	1
569	392	25	1
569	719	57	1
590	79	33	1
590	599	5	1
593	695	24	1
593	681	5	1
593	32	20	1
593	867	11	1
593	262	23	1
593	540	39	1
593	170	1	1
595	884	32	5
595	469	5	2
610	146	16	1
610	799	1	2
643	99	3	1
643	871	33	1
668	395	23	1
668	413	23	1
688	823	23	1
688	67	59	1
688	953	21	1
688	552	1	1
698	46	27	1
698	94	5	1
744	548	12	4
744	62	29	1
744	786	33	1
753	238	3	1
753	506	4	1
753	62	29	1
753	479	34	1
753	685	34	1
753	122	3	1
758	469	5	1
758	756	12	3
758	801	65	1
785	238	3	8
785	37	50	3
788	525	39	1
788	569	23	1
790	238	3	1
790	684	50	1
790	436	66	1
796	174	1	1
796	238	3	1
807	238	3	2
807	774	46	1
807	953	21	2
807	871	33	1
807	454	1	1
807	506	4	1
807	517	1	1
807	119	12	1
807	759	22	1
815	469	5	3
815	483	57	1
815	32	20	1
815	34	16	1
815	805	12	1
815	810	1	1
815	757	46	2
815	910	47	1
815	106	57	2
815	695	24	1
819	443	33	1
819	64	27	1
824	847	23	6
824	313	1	1
824	875	15	1
824	526	41	1
847	843	25	1
847	480	1	7
847	600	76	1
847	469	5	3
847	377	12	1
847	697	12	1
847	6	92	1
847	238	3	5
847	81	4	2
847	925	4	1
847	758	12	1
847	568	4	1
847	99	3	1
847	717	16	1
847	17	82	1
847	700	12	1
847	884	32	1
847	441	12	1
854	51	10	1
854	297	71	1
854	469	5	1
7	320	48	3
7	142	48	3
7	310	68	1
7	711	13	1
7	622	1	1
7	566	29	1
7	337	13	1
7	623	30	1
47	810	1	3
47	32	20	1
47	856	2	1
65	594	2	1
65	145	3	1
73	575	69	2
73	469	5	3
73	475	1	22
73	276	1	1
73	653	7	2
73	947	74	1
73	254	1	1
73	843	25	1
73	532	33	1
320	734	24	1
320	62	29	1
320	479	34	4
320	118	24	3
320	355	24	1
320	69	23	1
848	580	24	1
848	334	43	1
328	953	21	2
328	55	26	1
328	677	12	1
328	469	5	3
351	479	34	1
351	685	34	1
454	479	34	1
454	700	12	1
454	469	5	1
455	238	3	1
455	81	4	1
455	880	66	1
455	759	22	1
530	609	25	1
530	283	1	1
541	579	1	5
541	612	96	2
566	580	24	1
566	682	10	1
566	355	24	1
566	695	24	1
566	51	10	1
603	652	1	2
603	469	5	1
603	940	31	1
611	238	3	1
611	854	9	1
611	851	16	1
611	145	3	1
611	953	21	1
611	378	14	1
611	820	38	1
626	559	23	3
626	400	23	2
638	127	1	2
638	513	12	1
638	469	5	2
651	953	21	1
651	858	76	1
651	622	1	1
654	435	16	1
654	759	22	3
659	111	34	3
659	497	35	1
659	700	12	1
659	922	15	2
692	296	12	32
692	182	13	5
692	810	1	31
692	278	12	1
692	469	5	2
692	85	1	3
692	408	45	4
692	884	32	1
692	32	20	2
692	197	12	1
692	801	65	1
692	492	12	2
692	817	22	1
692	675	57	1
692	654	12	1
692	904	63	1
692	193	12	1
692	561	47	1
692	555	12	1
692	867	11	1
692	805	12	1
692	470	39	1
692	479	34	1
692	328	32	1
699	871	33	1
699	674	12	1
722	10	24	1
722	51	10	1
723	897	29	1
723	597	1	2
3	685	34	2
3	400	23	1
4	794	3	1
4	238	3	2
4	574	74	1
4	212	50	1
4	777	45	2
349	721	5	2
349	394	1	1
358	466	82	2
358	238	3	1
366	322	34	1
366	590	16	1
366	479	34	1
369	168	23	1
369	479	34	1
369	32	20	2
369	854	9	1
370	879	23	2
370	810	1	4
370	296	12	31
370	469	5	3
370	805	12	19
370	193	12	3
370	884	32	1
370	32	20	2
370	278	12	1
370	817	22	4
370	725	13	1
418	555	12	1
418	700	12	1
418	469	5	1
418	552	1	1
418	32	20	1
418	805	12	1
553	268	1	3
553	869	5	1
745	685	34	1
745	277	34	2
745	707	3	1
778	288	52	11
778	448	26	2
778	764	9	1
80	695	24	1
80	282	15	2
82	282	15	3
82	26	3	1
82	695	24	1
383	346	16	1
383	469	5	2
383	592	20	1
383	555	12	1
383	184	27	1
383	479	34	1
434	643	46	3
434	43	16	1
622	479	34	1
622	717	16	1
625	867	11	1
625	521	46	1
625	79	33	1
625	171	16	1
625	850	57	1
625	719	57	1
625	754	15	1
653	469	5	1
653	548	12	5
653	455	27	1
653	739	3	3
653	225	12	1
653	154	18	1
653	460	4	1
653	118	24	2
653	378	14	1
653	439	3	1
653	756	12	1
653	216	16	1
653	238	3	1
653	760	16	1
653	64	27	3
653	208	67	1
653	940	31	1
653	443	33	1
99	400	23	5
99	39	23	9
827	742	1	20
827	469	5	1
827	32	20	1
19	238	3	2
19	852	1	1
26	252	41	1
26	412	21	1
29	238	3	1
29	574	74	1
110	238	3	8
110	574	74	1
116	685	34	1
116	64	27	1
116	756	12	1
116	32	20	1
260	839	11	2
260	623	30	1
533	238	3	1
533	774	46	1
535	685	34	1
535	479	34	1
535	810	1	1
543	488	43	1
543	747	11	1
560	695	24	1
560	944	33	1
581	238	3	3
581	81	4	2
581	469	5	1
581	658	16	1
581	756	12	1
597	108	39	1
597	875	15	2
597	881	3	1
597	469	5	1
597	513	12	1
362	951	14	2
362	64	27	1
395	400	23	2
395	39	23	1
399	602	1	2
399	756	12	1
114	770	32	1
114	238	3	2
114	852	1	1
115	238	3	1
115	629	68	1
98	909	12	2
98	855	46	1
645	700	12	1
645	56	12	3
645	856	2	2
645	595	1	1
645	469	5	3
645	756	12	1
645	492	12	1
645	909	12	2
757	238	3	1
757	925	4	1
768	588	7	1
768	609	25	1
770	238	3	1
770	216	16	2
770	81	4	2
770	506	4	1
770	826	4	1
2	200	27	1
2	469	5	1
123	574	74	1
123	695	24	1
123	716	16	1
128	831	29	1
128	93	22	1
179	733	27	3
179	64	27	1
179	469	5	1
224	605	1	1
224	685	34	1
224	599	5	2
344	333	3	3
344	929	61	1
344	139	16	1
429	764	9	1
429	455	27	2
429	46	27	1
484	871	33	3
484	830	1	1
488	552	1	1
488	38	51	1
762	241	16	1
762	871	33	1
762	805	12	1
798	160	1	16
798	427	1	2
798	856	2	1
798	82	8	1
836	479	34	1
836	455	27	2
836	46	27	1
836	208	67	1
836	64	27	1
856	488	43	1
856	695	24	1
858	479	34	1
858	685	34	1
69	953	21	1
69	345	1	2
70	599	5	1
70	921	34	2
72	871	33	1
72	925	4	2
72	238	3	4
72	81	4	2
72	869	5	1
79	270	4	1
79	238	3	1
86	81	4	1
86	78	37	1
88	830	1	1
88	152	41	1
96	542	12	1
96	695	24	1
96	810	1	4
96	296	12	1
117	479	34	3
117	97	11	1
117	422	5	1
117	469	5	1
117	290	76	21
117	756	12	2
117	658	16	1
117	300	38	1
117	56	12	1
125	232	12	1
125	805	12	1
160	659	32	1
160	238	3	1
162	695	24	1
162	51	10	2
162	126	5	1
162	846	23	1
245	797	22	1
245	238	3	3
245	763	25	2
245	925	4	1
245	478	25	1
247	892	10	5
247	117	12	1
464	944	33	1
464	466	82	2
784	592	20	1
784	479	34	1
784	37	50	1
784	238	3	1
784	773	1	1
832	909	12	1
832	56	12	1
832	201	1	1
832	133	25	1
832	697	12	1
832	469	5	1
136	635	1	2
136	175	1	2
136	703	56	1
190	469	5	1
190	238	3	2
450	335	16	1
450	143	1	1
678	201	1	2
678	338	26	1
703	81	4	1
703	764	9	1
703	887	1	1
703	460	4	1
56	238	3	1
56	469	5	1
177	917	79	1
177	288	52	1
198	238	3	1
198	67	59	1
519	469	5	4
519	365	17	1
524	469	5	1
524	311	12	1
689	114	23	1
689	400	23	1
689	434	93	1
732	816	9	1
732	51	10	1
732	580	24	1
732	910	47	1
806	427	1	1
806	890	32	1
209	287	1	1
209	632	23	1
209	867	11	1
218	397	53	1
218	203	54	1
218	463	85	1
218	434	93	1
218	124	53	1
218	391	11	1
301	961	13	1
301	40	16	1
301	469	5	1
301	479	34	1
336	903	24	2
336	420	31	1
336	907	31	1
467	348	33	1
467	747	11	1
501	850	57	1
501	72	1	4
55	64	27	3
55	753	27	3
55	648	27	1
60	633	16	9
60	732	12	2
60	229	12	1
60	469	5	1
60	225	12	2
60	630	15	1
60	66	83	1
171	69	23	1
171	268	1	1
171	586	1	1
171	368	34	1
401	114	23	1
401	714	87	4
401	400	23	1
413	107	3	17
413	127	1	1
413	610	24	1
413	713	12	1
413	469	5	1
497	102	40	3
497	185	13	3
497	789	73	1
497	711	13	1
754	942	25	1
754	479	34	1
754	685	34	1
754	834	3	2
808	264	24	1
808	506	4	1
808	84	5	1
817	221	10	3
817	345	1	1
67	51	10	1
67	695	24	1
104	479	34	1
104	722	3	1
109	469	5	3
109	686	25	1
109	2	12	1
235	37	50	2
235	561	47	1
248	178	16	1
248	695	24	1
334	185	13	1
334	118	24	1
334	139	16	1
334	40	16	1
334	487	66	1
334	216	16	1
334	455	27	1
334	208	67	1
334	32	20	1
340	580	24	1
340	51	10	1
559	840	76	1
559	469	5	1
559	370	3	1
559	238	3	1
559	950	75	1
559	503	50	1
693	855	46	1
693	525	39	1
697	196	46	2
697	588	7	2
697	245	57	2
707	449	3	1
707	781	44	1
707	759	22	1
707	756	12	1
707	659	32	1
707	815	1	1
707	58	47	1
707	910	47	1
707	817	22	1
707	805	12	1
707	794	3	1
707	739	3	1
161	238	3	7
161	38	51	2
185	846	23	1
185	838	23	1
186	81	4	2
186	826	4	2
186	506	4	1
335	238	3	1
335	865	31	1
335	585	16	1
335	724	16	1
347	625	4	1
347	932	77	1
347	439	3	1
347	405	4	1
347	512	41	1
347	179	27	1
348	653	7	1
348	756	12	1
348	947	74	1
354	32	20	2
354	657	97	3
375	569	23	1
375	544	9	1
375	620	24	1
375	325	42	1
375	479	34	1
389	856	2	3
389	823	23	1
389	400	23	1
390	812	24	1
390	526	41	1
390	687	1	1
390	628	1	3
390	82	8	1
390	400	23	1
394	238	3	1
394	81	4	1
863	605	1	5
863	241	16	1
6	735	26	1
6	268	1	1
155	856	2	3
155	469	5	1
155	220	9	1
155	227	16	3
155	79	33	1
155	82	8	1
234	128	23	1
234	262	23	1
234	699	15	1
234	400	23	1
234	569	23	1
234	738	23	1
234	69	23	1
234	823	23	1
234	209	40	1
234	544	9	1
237	238	3	3
237	187	3	1
355	885	1	2
355	293	57	1
598	855	46	1
598	479	34	1
631	238	3	1
631	78	37	1
764	798	2	1
764	875	15	1
764	759	22	3
851	884	32	1
851	278	12	1
853	723	16	1
853	735	26	3
853	488	43	1
853	957	1	1
853	529	24	1
97	756	12	3
97	891	1	1
97	510	94	1
246	346	16	1
246	321	16	1
246	952	38	1
478	469	5	1
478	588	7	1
478	334	43	1
478	482	34	1
724	17	82	1
724	218	64	1
766	464	23	1
766	759	22	1
48	140	1	1
48	412	21	1
48	15	12	1
221	400	23	1
221	262	23	1
221	652	1	1
221	169	46	1
221	746	1	1
221	21	14	1
221	221	10	1
221	230	16	1
274	685	34	1
274	707	3	4
274	776	3	1
274	582	33	1
274	479	34	1
299	469	5	2
299	238	3	1
299	441	12	1
305	774	46	1
305	718	1	1
305	437	46	1
305	127	1	1
329	342	98	8
329	377	12	1
329	479	34	1
329	824	24	1
329	756	12	1
329	273	66	1
329	940	31	1
356	238	3	1
356	409	1	1
356	815	1	1
356	859	92	1
407	697	12	1
407	758	12	2
414	756	12	1
414	238	3	1
442	867	11	1
442	212	50	1
485	604	17	1
485	82	8	1
485	202	16	1
485	145	3	1
485	241	16	1
494	673	1	1
494	157	3	1
731	823	23	1
731	268	1	7
731	735	26	1
731	717	16	1
731	262	23	1
731	267	25	1
731	723	16	1
731	586	1	1
733	262	23	1
733	629	68	1
780	282	15	1
780	238	3	1
780	597	1	1
781	266	12	1
781	81	4	2
781	695	24	1
781	851	16	1
781	37	50	1
781	756	12	1
781	592	20	1
168	127	1	1
168	407	1	1
850	869	5	1
850	51	10	1
46	309	12	1
46	601	12	1
46	469	5	1
68	479	34	1
68	599	5	1
165	316	1	4
165	484	3	1
664	774	46	5
664	497	35	1
664	20	1	2
664	723	16	2
664	469	5	1
664	103	46	1
664	717	16	1
664	370	3	1
437	855	46	1
437	525	39	1
492	742	1	2
492	238	3	1
45	469	5	1
45	132	16	4
45	256	1	2
45	257	16	2
45	479	34	1
74	718	1	2
74	723	16	1
742	723	16	1
742	533	1	1
